"Date","Country","Region","Total confirmed cases","New cases","Total deaths","New deaths"
"2020-05-21","United Kingdom","England",147745,38,32117.0,274.0
"2020-05-20","United Kingdom","England",147707,298,31843.0,313.0
"2020-05-19","United Kingdom","England",147409,858,31530.0,520.0
"2020-05-18","United Kingdom","England",146551,886,31010.0,144.0
"2020-05-17","United Kingdom","England",145665,632,30866.0,113.0
"2020-05-16","United Kingdom","England",145033,648,30753.0,389.0
"2020-05-15","United Kingdom","England",144385,910,30364.0,336.0
"2020-05-14","United Kingdom","England",143475,910,30028.0,355.0
"2020-05-13","United Kingdom","England",142565,1069,29673.0,413.0
"2020-05-12","United Kingdom","England",141496,1095,29260.0,603.0
"2020-05-11","United Kingdom","England",140401,1243,28657.0,190.0
"2020-05-10","United Kingdom","England",139158,725,28467.0,217.0
"2020-05-09","United Kingdom","England",138433,897,28250.0,283.0
"2020-05-08","United Kingdom","England",137536,1031,27967.0,535.0
"2020-05-07","United Kingdom","England",136505,1453,27432.0,424.0
"2020-05-06","United Kingdom","England",135052,1451,27008.0,567.0
"2020-05-05","United Kingdom","England",133601,1619,26441.0,656.0
"2020-05-04","United Kingdom","England",131982,1639,25785.0,257.0
"2020-05-03","United Kingdom","England",130343,981,25528.0,246.0
"2020-05-02","United Kingdom","England",129362,1255,25282.0,519.0
"2020-05-01","United Kingdom","England",128107,1966,24763.0,653.0
"2020-04-30","United Kingdom","England",126141,2119,24110.0,560.0
"2020-04-29","United Kingdom","England",124022,2369,23550.0,632.0
"2020-04-28","United Kingdom","England",121653,2285,22918.0,869.0
"2020-04-27","United Kingdom","England",119368,2218,22049.0,307.0
"2020-04-26","United Kingdom","England",117150,1401,21742.0,343.0
"2020-04-25","United Kingdom","England",115749,1816,21399.0,741.0
"2020-04-24","United Kingdom","England",113933,2774,20658.0,824.0
"2020-04-23","United Kingdom","England",111159,2763,19834.0,603.0
"2020-04-22","United Kingdom","England",108396,2785,19231.0,739.0
"2020-04-21","United Kingdom","England",105611,3000,18492.0,1122.0
"2020-04-20","United Kingdom","England",102611,3088,17370.0,539.0
"2020-04-19","United Kingdom","England",99523,2088,16831.0,384.0
"2020-04-18","United Kingdom","England",97435,2581,16447.0,1011.0
"2020-04-17","United Kingdom","England",94854,3442,15436.0,826.0
"2020-04-16","United Kingdom","England",91412,3461,14610.0,907.0
"2020-04-15","United Kingdom","England",87951,3629,13703.0,732.0
"2020-04-14","United Kingdom","England",84322,3444,12971.0,1010.0
"2020-04-13","United Kingdom","England",80878,3339,11961.0,694.0
"2020-04-12","United Kingdom","England",77539,2696,11267.0,606.0
"2020-04-11","United Kingdom","England",74843,3008,10661.0,745.0
"2020-04-10","United Kingdom","England",71835,3530,9916.0,1038.0
"2020-04-09","United Kingdom","England",68305,4029,8878.0,987.0
"2020-04-08","United Kingdom","England",64276,4257,7891.0,924.0
"2020-04-07","United Kingdom","England",60019,4508,6967.0,1010.0
"2020-04-06","United Kingdom","England",55511,4340,5957.0,532.0
"2020-04-05","United Kingdom","England",51171,3028,5425.0,578.0
"2020-04-04","United Kingdom","England",48143,3318,4847.0,689.0
"2020-04-03","United Kingdom","England",44825,4044,4158.0,655.0
"2020-04-02","United Kingdom","England",40781,4006,3503.0,603.0
"2020-04-01","United Kingdom","England",36775,4091,2900.0,613.0
"2020-03-31","United Kingdom","England",32684,3757,2287.0,368.0
"2020-03-30","United Kingdom","England",28927,3493,1919.0,353.0
"2020-03-29","United Kingdom","England",25434,2435,1566.0,195.0
"2020-03-28","United Kingdom","England",22999,2373,1371.0,279.0
"2020-03-27","United Kingdom","England",20626,2657,1092.0,272.0
"2020-03-26","United Kingdom","England",17969,2608,820.0,169.0
"2020-03-25","United Kingdom","England",15361,2260,651.0,177.0
"2020-03-24","United Kingdom","England",13101,2017,474.0,143.0
"2020-03-23","United Kingdom","England",11084,2016,331.0,67.0
"2020-03-22","United Kingdom","England",9068,1207,264.0,24.0
"2020-03-21","United Kingdom","England",7861,1034,240.0,54.0
"2020-03-20","United Kingdom","England",6827,1080,186.0,32.0
"2020-03-19","United Kingdom","England",5747,931,154.0,42.0
"2020-03-18","United Kingdom","England",4816,909,112.0,33.0
"2020-03-17","United Kingdom","England",3907,679,79.0,15.0
"2020-03-16","United Kingdom","England",3228,547,64.0,22.0
"2020-03-15","United Kingdom","England",2681,397,42.0,14.0
"2020-03-14","United Kingdom","England",2284,315,28.0,18.0
"2020-03-13","United Kingdom","England",1969,390,10.0,1.0
"2020-03-12","United Kingdom","England",1579,422,9.0,2.0
"2020-03-11","United Kingdom","England",1157,365,7.0,0.0
"2020-03-10","United Kingdom","England",792,225,7.0,4.0
"2020-03-09","United Kingdom","England",567,125,3.0,1.0
"2020-03-08","United Kingdom","England",442,50,2.0,0.0
"2020-03-07","United Kingdom","England",392,47,2.0,1.0
"2020-03-06","United Kingdom","England",345,73,1.0,""
"2020-03-05","United Kingdom","England",272,47,"",""
"2020-03-04","United Kingdom","England",225,49,"",""
"2020-03-03","United Kingdom","England",176,52,"",""
"2020-03-02","United Kingdom","England",124,39,"",""
"2020-03-01","United Kingdom","England",85,31,"",""
"2020-02-29","United Kingdom","England",54,4,"",""
"2020-02-28","United Kingdom","England",50,12,"",""
"2020-02-27","United Kingdom","England",38,6,"",""
"2020-02-26","United Kingdom","England",32,3,"",""
"2020-02-25","United Kingdom","England",29,4,"",""
"2020-02-24","United Kingdom","England",25,1,"",""
"2020-02-23","United Kingdom","England",24,4,"",""
"2020-02-21","United Kingdom","England",20,1,"",""
"2020-02-19","United Kingdom","England",19,1,"",""
"2020-02-17","United Kingdom","England",18,1,"",""
"2020-02-14","United Kingdom","England",17,1,"",""
"2020-02-13","United Kingdom","England",16,1,"",""
"2020-02-12","United Kingdom","England",15,1,"",""
"2020-02-11","United Kingdom","England",14,1,"",""
"2020-02-09","United Kingdom","England",13,1,"",""
"2020-02-08","United Kingdom","England",12,3,"",""
"2020-02-05","United Kingdom","England",9,1,"",""
"2020-02-03","United Kingdom","England",8,6,"",""
"2020-01-31","United Kingdom","England",2,1,"",""
"2020-01-30","United Kingdom","England",1,1,"",""
