"Date","Country","Region","Total confirmed cases","New cases","Total deaths","New deaths"
"2020-05-17","United Kingdom","England",144127,55,30866.0,113.0
"2020-05-16","United Kingdom","England",144072,228,30753.0,389.0
"2020-05-15","United Kingdom","England",143844,665,30364.0,336.0
"2020-05-14","United Kingdom","England",143179,764,30028.0,355.0
"2020-05-13","United Kingdom","England",142415,963,29673.0,413.0
"2020-05-12","United Kingdom","England",141452,1087,29260.0,603.0
"2020-05-11","United Kingdom","England",140365,1237,28657.0,190.0
"2020-05-10","United Kingdom","England",139128,727,28467.0,217.0
"2020-05-09","United Kingdom","England",138401,896,28250.0,283.0
"2020-05-08","United Kingdom","England",137505,1024,27967.0,535.0
"2020-05-07","United Kingdom","England",136481,1454,27432.0,424.0
"2020-05-06","United Kingdom","England",135027,1430,27008.0,567.0
"2020-05-05","United Kingdom","England",133597,1615,26441.0,656.0
"2020-05-04","United Kingdom","England",131982,1642,25785.0,257.0
"2020-05-03","United Kingdom","England",130340,983,25528.0,246.0
"2020-05-02","United Kingdom","England",129357,1261,25282.0,519.0
"2020-05-01","United Kingdom","England",128096,1966,24763.0,653.0
"2020-04-30","United Kingdom","England",126130,2118,24110.0,560.0
"2020-04-29","United Kingdom","England",124012,2377,23550.0,632.0
"2020-04-28","United Kingdom","England",121635,2293,22918.0,869.0
"2020-04-27","United Kingdom","England",119342,2223,22049.0,307.0
"2020-04-26","United Kingdom","England",117119,1399,21742.0,343.0
"2020-04-25","United Kingdom","England",115720,1817,21399.0,741.0
"2020-04-24","United Kingdom","England",113903,2780,20658.0,824.0
"2020-04-23","United Kingdom","England",111123,2762,19834.0,603.0
"2020-04-22","United Kingdom","England",108361,2779,19231.0,739.0
"2020-04-21","United Kingdom","England",105582,2997,18492.0,1122.0
"2020-04-20","United Kingdom","England",102585,3087,17370.0,539.0
"2020-04-19","United Kingdom","England",99498,2089,16831.0,384.0
"2020-04-18","United Kingdom","England",97409,2578,16447.0,1011.0
"2020-04-17","United Kingdom","England",94831,3443,15436.0,826.0
"2020-04-16","United Kingdom","England",91388,3456,14610.0,907.0
"2020-04-15","United Kingdom","England",87932,3628,13703.0,732.0
"2020-04-14","United Kingdom","England",84304,3443,12971.0,1010.0
"2020-04-13","United Kingdom","England",80861,3343,11961.0,694.0
"2020-04-12","United Kingdom","England",77518,2696,11267.0,606.0
"2020-04-11","United Kingdom","England",74822,3003,10661.0,745.0
"2020-04-10","United Kingdom","England",71819,3529,9916.0,1038.0
"2020-04-09","United Kingdom","England",68290,4030,8878.0,987.0
"2020-04-08","United Kingdom","England",64260,4260,7891.0,924.0
"2020-04-07","United Kingdom","England",60000,4496,6967.0,1010.0
"2020-04-06","United Kingdom","England",55504,4337,5957.0,532.0
"2020-04-05","United Kingdom","England",51167,3027,5425.0,578.0
"2020-04-04","United Kingdom","England",48140,3327,4847.0,689.0
"2020-04-03","United Kingdom","England",44813,4035,4158.0,655.0
"2020-04-02","United Kingdom","England",40778,4010,3503.0,603.0
"2020-04-01","United Kingdom","England",36768,4081,2900.0,613.0
"2020-03-31","United Kingdom","England",32687,3762,2287.0,368.0
"2020-03-30","United Kingdom","England",28925,3486,1919.0,353.0
"2020-03-29","United Kingdom","England",25439,2438,1566.0,195.0
"2020-03-28","United Kingdom","England",23001,2372,1371.0,279.0
"2020-03-27","United Kingdom","England",20629,2655,1092.0,272.0
"2020-03-26","United Kingdom","England",17974,2610,820.0,169.0
"2020-03-25","United Kingdom","England",15364,2261,651.0,177.0
"2020-03-24","United Kingdom","England",13103,2018,474.0,143.0
"2020-03-23","United Kingdom","England",11085,2017,331.0,67.0
"2020-03-22","United Kingdom","England",9068,1207,264.0,24.0
"2020-03-21","United Kingdom","England",7861,1034,240.0,54.0
"2020-03-20","United Kingdom","England",6827,1081,186.0,32.0
"2020-03-19","United Kingdom","England",5746,930,154.0,42.0
"2020-03-18","United Kingdom","England",4816,910,112.0,33.0
"2020-03-17","United Kingdom","England",3906,679,79.0,15.0
"2020-03-16","United Kingdom","England",3227,546,64.0,22.0
"2020-03-15","United Kingdom","England",2681,397,42.0,14.0
"2020-03-14","United Kingdom","England",2284,315,28.0,18.0
"2020-03-13","United Kingdom","England",1969,390,10.0,1.0
"2020-03-12","United Kingdom","England",1579,421,9.0,2.0
"2020-03-11","United Kingdom","England",1158,365,7.0,0.0
"2020-03-10","United Kingdom","England",793,225,7.0,4.0
"2020-03-09","United Kingdom","England",568,125,3.0,1.0
"2020-03-08","United Kingdom","England",443,50,2.0,0.0
"2020-03-07","United Kingdom","England",393,47,2.0,1.0
"2020-03-06","United Kingdom","England",346,73,1.0,""
"2020-03-05","United Kingdom","England",273,47,"",""
"2020-03-04","United Kingdom","England",226,49,"",""
"2020-03-03","United Kingdom","England",177,52,"",""
"2020-03-02","United Kingdom","England",125,39,"",""
"2020-03-01","United Kingdom","England",86,31,"",""
"2020-02-29","United Kingdom","England",55,4,"",""
"2020-02-28","United Kingdom","England",51,12,"",""
"2020-02-27","United Kingdom","England",39,6,"",""
"2020-02-26","United Kingdom","England",33,3,"",""
"2020-02-25","United Kingdom","England",30,4,"",""
"2020-02-24","United Kingdom","England",26,1,"",""
"2020-02-23","United Kingdom","England",25,4,"",""
"2020-02-21","United Kingdom","England",21,1,"",""
"2020-02-19","United Kingdom","England",20,1,"",""
"2020-02-17","United Kingdom","England",19,1,"",""
"2020-02-16","United Kingdom","England",18,1,"",""
"2020-02-14","United Kingdom","England",17,1,"",""
"2020-02-13","United Kingdom","England",16,1,"",""
"2020-02-12","United Kingdom","England",15,1,"",""
"2020-02-11","United Kingdom","England",14,1,"",""
"2020-02-09","United Kingdom","England",13,1,"",""
"2020-02-08","United Kingdom","England",12,3,"",""
"2020-02-05","United Kingdom","England",9,1,"",""
"2020-02-03","United Kingdom","England",8,6,"",""
"2020-01-31","United Kingdom","England",2,1,"",""
"2020-01-30","United Kingdom","England",1,1,"",""
