"Date","Country","Region","Total confirmed cases","New cases","Total deaths","New deaths"
"2020-06-07","United Kingdom","England",155000,22,36192.0,65.0
"2020-06-06","United Kingdom","England",154978,36,36127.0,179.0
"2020-06-05","United Kingdom","England",154942,138,35948.0,343.0
"2020-06-04","United Kingdom","England",154804,272,35605.0,149.0
"2020-06-03","United Kingdom","England",154532,420,35456.0,328.0
"2020-06-02","United Kingdom","England",154112,465,35128.0,315.0
"2020-06-01","United Kingdom","England",153647,448,34813.0,96.0
"2020-05-31","United Kingdom","England",153199,306,34717.0,81.0
"2020-05-30","United Kingdom","England",152893,343,34636.0,194.0
"2020-05-29","United Kingdom","England",152550,436,34442.0,349.0
"2020-05-28","United Kingdom","England",152114,451,34093.0,384.0
"2020-05-27","United Kingdom","England",151663,546,33709.0,405.0
"2020-05-26","United Kingdom","England",151117,543,33304.0,117.0
"2020-05-25","United Kingdom","England",150574,506,33187.0,104.0
"2020-05-24","United Kingdom","England",150068,383,33083.0,417.0
"2020-05-23","United Kingdom","England",149685,453,32666.0,249.0
"2020-05-22","United Kingdom","England",149232,702,32417.0,300.0
"2020-05-21","United Kingdom","England",148530,743,32117.0,274.0
"2020-05-20","United Kingdom","England",147787,819,31843.0,313.0
"2020-05-19","United Kingdom","England",146968,1026,31530.0,520.0
"2020-05-18","United Kingdom","England",145942,937,31010.0,144.0
"2020-05-17","United Kingdom","England",145005,633,30866.0,113.0
"2020-05-16","United Kingdom","England",144372,634,30753.0,389.0
"2020-05-15","United Kingdom","England",143738,905,30364.0,336.0
"2020-05-14","United Kingdom","England",142833,895,30028.0,355.0
"2020-05-13","United Kingdom","England",141938,1073,29673.0,413.0
"2020-05-12","United Kingdom","England",140865,1095,29260.0,603.0
"2020-05-11","United Kingdom","England",139770,1232,28657.0,190.0
"2020-05-10","United Kingdom","England",138538,723,28467.0,217.0
"2020-05-09","United Kingdom","England",137815,887,28250.0,283.0
"2020-05-08","United Kingdom","England",136928,1016,27967.0,535.0
"2020-05-07","United Kingdom","England",135912,1430,27432.0,424.0
"2020-05-06","United Kingdom","England",134482,1428,27008.0,567.0
"2020-05-05","United Kingdom","England",133054,1592,26441.0,656.0
"2020-05-04","United Kingdom","England",131462,1608,25785.0,257.0
"2020-05-03","United Kingdom","England",129854,958,25528.0,246.0
"2020-05-02","United Kingdom","England",128896,1239,25282.0,519.0
"2020-05-01","United Kingdom","England",127657,1945,24763.0,653.0
"2020-04-30","United Kingdom","England",125712,2123,24110.0,560.0
"2020-04-29","United Kingdom","England",123589,2342,23550.0,632.0
"2020-04-28","United Kingdom","England",121247,2272,22918.0,869.0
"2020-04-27","United Kingdom","England",118975,2221,22049.0,307.0
"2020-04-26","United Kingdom","England",116754,1404,21742.0,343.0
"2020-04-25","United Kingdom","England",115350,1809,21399.0,741.0
"2020-04-24","United Kingdom","England",113541,2764,20658.0,824.0
"2020-04-23","United Kingdom","England",110777,2762,19834.0,603.0
"2020-04-22","United Kingdom","England",108015,2757,19231.0,739.0
"2020-04-21","United Kingdom","England",105258,2989,18492.0,1122.0
"2020-04-20","United Kingdom","England",102269,3076,17370.0,539.0
"2020-04-19","United Kingdom","England",99193,2082,16831.0,384.0
"2020-04-18","United Kingdom","England",97111,2572,16447.0,1011.0
"2020-04-17","United Kingdom","England",94539,3421,15436.0,826.0
"2020-04-16","United Kingdom","England",91118,3437,14610.0,907.0
"2020-04-15","United Kingdom","England",87681,3599,13703.0,732.0
"2020-04-14","United Kingdom","England",84082,3416,12971.0,1010.0
"2020-04-13","United Kingdom","England",80666,3300,11961.0,694.0
"2020-04-12","United Kingdom","England",77366,2683,11267.0,606.0
"2020-04-11","United Kingdom","England",74683,2992,10661.0,745.0
"2020-04-10","United Kingdom","England",71691,3504,9916.0,1038.0
"2020-04-09","United Kingdom","England",68187,4006,8878.0,987.0
"2020-04-08","United Kingdom","England",64181,4219,7891.0,924.0
"2020-04-07","United Kingdom","England",59962,4479,6967.0,1010.0
"2020-04-06","United Kingdom","England",55483,4336,5957.0,532.0
"2020-04-05","United Kingdom","England",51147,3027,5425.0,578.0
"2020-04-04","United Kingdom","England",48120,3317,4847.0,689.0
"2020-04-03","United Kingdom","England",44803,4038,4158.0,655.0
"2020-04-02","United Kingdom","England",40765,4008,3503.0,603.0
"2020-04-01","United Kingdom","England",36757,4083,2900.0,613.0
"2020-03-31","United Kingdom","England",32674,3761,2287.0,368.0
"2020-03-30","United Kingdom","England",28913,3489,1919.0,353.0
"2020-03-29","United Kingdom","England",25424,2435,1566.0,195.0
"2020-03-28","United Kingdom","England",22989,2375,1371.0,279.0
"2020-03-27","United Kingdom","England",20614,2657,1092.0,272.0
"2020-03-26","United Kingdom","England",17957,2610,820.0,169.0
"2020-03-25","United Kingdom","England",15347,2263,651.0,177.0
"2020-03-24","United Kingdom","England",13084,2021,474.0,143.0
"2020-03-23","United Kingdom","England",11063,2016,331.0,67.0
"2020-03-22","United Kingdom","England",9047,1205,264.0,24.0
"2020-03-21","United Kingdom","England",7842,1033,240.0,54.0
"2020-03-20","United Kingdom","England",6809,1082,186.0,32.0
"2020-03-19","United Kingdom","England",5727,931,154.0,42.0
"2020-03-18","United Kingdom","England",4796,910,112.0,33.0
"2020-03-17","United Kingdom","England",3886,680,79.0,15.0
"2020-03-16","United Kingdom","England",3206,545,64.0,22.0
"2020-03-15","United Kingdom","England",2661,397,42.0,14.0
"2020-03-14","United Kingdom","England",2264,317,28.0,18.0
"2020-03-13","United Kingdom","England",1947,392,10.0,1.0
"2020-03-12","United Kingdom","England",1555,413,9.0,2.0
"2020-03-11","United Kingdom","England",1142,354,7.0,0.0
"2020-03-10","United Kingdom","England",788,223,7.0,4.0
"2020-03-09","United Kingdom","England",565,124,3.0,1.0
"2020-03-08","United Kingdom","England",441,50,2.0,0.0
"2020-03-07","United Kingdom","England",391,47,2.0,1.0
"2020-03-06","United Kingdom","England",344,73,1.0,""
"2020-03-05","United Kingdom","England",271,47,"",""
"2020-03-04","United Kingdom","England",224,49,"",""
"2020-03-03","United Kingdom","England",175,51,"",""
"2020-03-02","United Kingdom","England",124,39,"",""
"2020-03-01","United Kingdom","England",85,31,"",""
"2020-02-29","United Kingdom","England",54,4,"",""
"2020-02-28","United Kingdom","England",50,12,"",""
"2020-02-27","United Kingdom","England",38,6,"",""
"2020-02-26","United Kingdom","England",32,3,"",""
"2020-02-25","United Kingdom","England",29,4,"",""
"2020-02-24","United Kingdom","England",25,1,"",""
"2020-02-23","United Kingdom","England",24,4,"",""
"2020-02-21","United Kingdom","England",20,1,"",""
"2020-02-19","United Kingdom","England",19,1,"",""
"2020-02-17","United Kingdom","England",18,1,"",""
"2020-02-14","United Kingdom","England",17,1,"",""
"2020-02-13","United Kingdom","England",16,1,"",""
"2020-02-12","United Kingdom","England",15,1,"",""
"2020-02-11","United Kingdom","England",14,1,"",""
"2020-02-09","United Kingdom","England",13,1,"",""
"2020-02-08","United Kingdom","England",12,3,"",""
"2020-02-05","United Kingdom","England",9,1,"",""
"2020-02-03","United Kingdom","England",8,6,"",""
"2020-01-31","United Kingdom","England",2,1,"",""
"2020-01-30","United Kingdom","England",1,1,"",""
