"Date","Country","Region","Total confirmed cases","New cases","Total deaths","New deaths"
"2020-05-22","United Kingdom","England",148724.0,48.0,32417.0,300.0
"2020-05-21","United Kingdom","England",148676.0,266.0,32117.0,274.0
"2020-05-20","United Kingdom","England",148410.0,676.0,31843.0,313.0
"2020-05-19","United Kingdom","England",147734.0,1047.0,31530.0,520.0
"2020-05-18","United Kingdom","England",146687.0,989.0,31010.0,144.0
"2020-05-17","United Kingdom","England",145698.0,647.0,30866.0,113.0
"2020-05-16","United Kingdom","England",145051.0,662.0,30753.0,389.0
"2020-05-15","United Kingdom","England",144389.0,926.0,30364.0,336.0
"2020-05-14","United Kingdom","England",143463.0,938.0,30028.0,355.0
"2020-05-13","United Kingdom","England",142525.0,1085.0,29673.0,413.0
"2020-05-12","United Kingdom","England",141440.0,1111.0,29260.0,603.0
"2020-05-11","United Kingdom","England",140329.0,1276.0,28657.0,190.0
"2020-05-10","United Kingdom","England",139053.0,732.0,28467.0,217.0
"2020-05-09","United Kingdom","England",138321.0,908.0,28250.0,283.0
"2020-05-08","United Kingdom","England",137413.0,1042.0,27967.0,535.0
"2020-05-07","United Kingdom","England",136371.0,1475.0,27432.0,424.0
"2020-05-06","United Kingdom","England",134896.0,1462.0,27008.0,567.0
"2020-05-05","United Kingdom","England",133434.0,1627.0,26441.0,656.0
"2020-05-04","United Kingdom","England",131807.0,1657.0,25785.0,257.0
"2020-05-03","United Kingdom","England",130150.0,979.0,25528.0,246.0
"2020-05-02","United Kingdom","England",129171.0,1258.0,25282.0,519.0
"2020-05-01","United Kingdom","England",127913.0,1972.0,24763.0,653.0
"2020-04-30","United Kingdom","England",125941.0,2125.0,24110.0,560.0
"2020-04-29","United Kingdom","England",123816.0,2370.0,23550.0,632.0
"2020-04-28","United Kingdom","England",121446.0,2293.0,22918.0,869.0
"2020-04-27","United Kingdom","England",119153.0,2217.0,22049.0,307.0
"2020-04-26","United Kingdom","England",116936.0,1395.0,21742.0,343.0
"2020-04-25","United Kingdom","England",115541.0,1811.0,21399.0,741.0
"2020-04-24","United Kingdom","England",113730.0,2773.0,20658.0,824.0
"2020-04-23","United Kingdom","England",110957.0,2757.0,19834.0,603.0
"2020-04-22","United Kingdom","England",108200.0,2765.0,19231.0,739.0
"2020-04-21","United Kingdom","England",105435.0,2995.0,18492.0,1122.0
"2020-04-20","United Kingdom","England",102440.0,3077.0,17370.0,539.0
"2020-04-19","United Kingdom","England",99363.0,2081.0,16831.0,384.0
"2020-04-18","United Kingdom","England",97282.0,2573.0,16447.0,1011.0
"2020-04-17","United Kingdom","England",94709.0,3439.0,15436.0,826.0
"2020-04-16","United Kingdom","England",91270.0,3444.0,14610.0,907.0
"2020-04-15","United Kingdom","England",87826.0,3624.0,13703.0,732.0
"2020-04-14","United Kingdom","England",84202.0,3435.0,12971.0,1010.0
"2020-04-13","United Kingdom","England",80767.0,3331.0,11961.0,694.0
"2020-04-12","United Kingdom","England",77436.0,2688.0,11267.0,606.0
"2020-04-11","United Kingdom","England",74748.0,2997.0,10661.0,745.0
"2020-04-10","United Kingdom","England",71751.0,3522.0,9916.0,1038.0
"2020-04-09","United Kingdom","England",68229.0,4029.0,8878.0,987.0
"2020-04-08","United Kingdom","England",64200.0,4253.0,7891.0,924.0
"2020-04-07","United Kingdom","England",59947.0,4493.0,6967.0,1010.0
"2020-04-06","United Kingdom","England",55454.0,4328.0,5957.0,532.0
"2020-04-05","United Kingdom","England",51126.0,3026.0,5425.0,578.0
"2020-04-04","United Kingdom","England",48100.0,3318.0,4847.0,689.0
"2020-04-03","United Kingdom","England",44782.0,4037.0,4158.0,655.0
"2020-04-02","United Kingdom","England",40745.0,4012.0,3503.0,603.0
"2020-04-01","United Kingdom","England",36733.0,4077.0,2900.0,613.0
"2020-03-31","United Kingdom","England",32656.0,3754.0,2287.0,368.0
"2020-03-30","United Kingdom","England",28902.0,3487.0,1919.0,353.0
"2020-03-29","United Kingdom","England",25415.0,2436.0,1566.0,195.0
"2020-03-28","United Kingdom","England",22979.0,2367.0,1371.0,279.0
"2020-03-27","United Kingdom","England",20612.0,2655.0,1092.0,272.0
"2020-03-26","United Kingdom","England",17957.0,2610.0,820.0,169.0
"2020-03-25","United Kingdom","England",15347.0,2256.0,651.0,177.0
"2020-03-24","United Kingdom","England",13091.0,2019.0,474.0,143.0
"2020-03-23","United Kingdom","England",11072.0,2015.0,331.0,67.0
"2020-03-22","United Kingdom","England",9057.0,1205.0,264.0,24.0
"2020-03-21","United Kingdom","England",7852.0,1031.0,240.0,54.0
"2020-03-20","United Kingdom","England",6821.0,1080.0,186.0,32.0
"2020-03-19","United Kingdom","England",5741.0,930.0,154.0,42.0
"2020-03-18","United Kingdom","England",4811.0,908.0,112.0,33.0
"2020-03-17","United Kingdom","England",3903.0,680.0,79.0,15.0
"2020-03-16","United Kingdom","England",3223.0,547.0,64.0,22.0
"2020-03-15","United Kingdom","England",2676.0,393.0,42.0,14.0
"2020-03-14","United Kingdom","England",2283.0,315.0,28.0,18.0
"2020-03-13","United Kingdom","England",1968.0,390.0,10.0,1.0
"2020-03-12","United Kingdom","England",1578.0,421.0,9.0,2.0
"2020-03-11","United Kingdom","England",1157.0,365.0,7.0,0.0
"2020-03-10","United Kingdom","England",792.0,225.0,7.0,4.0
"2020-03-09","United Kingdom","England",567.0,125.0,3.0,1.0
"2020-03-08","United Kingdom","England",442.0,50.0,2.0,0.0
"2020-03-07","United Kingdom","England",392.0,47.0,2.0,1.0
"2020-03-06","United Kingdom","England",345.0,73.0,1.0,""
"2020-03-05","United Kingdom","England",272.0,47.0,"",""
"2020-03-04","United Kingdom","England",225.0,49.0,"",""
"2020-03-03","United Kingdom","England",176.0,51.0,"",""
"2020-03-02","United Kingdom","England",125.0,39.0,"",""
"2020-03-01","United Kingdom","England",86.0,18.0,"",""
"2020-02-29","United Kingdom","England",68.0,6.0,"",""
"2020-02-28","United Kingdom","England",62.0,17.0,"",""
"2020-02-27","United Kingdom","England",45.0,9.0,"",""
"2020-02-26","United Kingdom","England",36.0,6.0,"",""
"2020-02-25","United Kingdom","England",30.0,5.0,"",""
"2020-02-24","United Kingdom","England",25.0,1.0,"",""
"2020-02-23","United Kingdom","England",24.0,3.0,"",""
"2020-02-21","United Kingdom","England",21.0,1.0,"",""
"2020-02-19","United Kingdom","England",20.0,1.0,"",""
"2020-02-17","United Kingdom","England",19.0,1.0,"",""
"2020-02-16","United Kingdom","England",18.0,1.0,"",""
"2020-02-14","United Kingdom","England",17.0,1.0,"",""
"2020-02-13","United Kingdom","England",16.0,1.0,"",""
"2020-02-12","United Kingdom","England","","","",""
"2020-02-11","United Kingdom","England",15.0,1.0,"",""
"2020-02-09","United Kingdom","England",14.0,1.0,"",""
"2020-02-08","United Kingdom","England",13.0,4.0,"",""
"2020-02-05","United Kingdom","England",9.0,1.0,"",""
"2020-02-03","United Kingdom","England",8.0,5.0,"",""
"2020-01-31","United Kingdom","England",3.0,1.0,"",""
"2020-01-30","United Kingdom","England",2.0,2.0,"",""
