"Date","Country","Region","Total confirmed cases","New cases","Total deaths","New deaths"
"2020-05-30","United Kingdom","England",152176,19,34193.0,183.0
"2020-05-29","United Kingdom","England",152157,133,34010.0,300.0
"2020-05-28","United Kingdom","England",152024,325,33710.0,348.0
"2020-05-27","United Kingdom","England",151699,493,33362.0,383.0
"2020-05-26","United Kingdom","England",151206,530,32979.0,115.0
"2020-05-25","United Kingdom","England",150676,509,32864.0,104.0
"2020-05-24","United Kingdom","England",150167,386,32760.0,94.0
"2020-05-23","United Kingdom","England",149781,458,32666.0,249.0
"2020-05-22","United Kingdom","England",149323,700,32417.0,300.0
"2020-05-21","United Kingdom","England",148623,747,32117.0,274.0
"2020-05-20","United Kingdom","England",147876,824,31843.0,313.0
"2020-05-19","United Kingdom","England",147052,1036,31530.0,520.0
"2020-05-18","United Kingdom","England",146016,961,31010.0,144.0
"2020-05-17","United Kingdom","England",145055,639,30866.0,113.0
"2020-05-16","United Kingdom","England",144416,641,30753.0,389.0
"2020-05-15","United Kingdom","England",143775,915,30364.0,336.0
"2020-05-14","United Kingdom","England",142860,907,30028.0,355.0
"2020-05-13","United Kingdom","England",141953,1075,29673.0,413.0
"2020-05-12","United Kingdom","England",140878,1089,29260.0,603.0
"2020-05-11","United Kingdom","England",139789,1225,28657.0,190.0
"2020-05-10","United Kingdom","England",138564,725,28467.0,217.0
"2020-05-09","United Kingdom","England",137839,892,28250.0,283.0
"2020-05-08","United Kingdom","England",136947,1026,27967.0,535.0
"2020-05-07","United Kingdom","England",135921,1438,27432.0,424.0
"2020-05-06","United Kingdom","England",134483,1432,27008.0,567.0
"2020-05-05","United Kingdom","England",133051,1597,26441.0,656.0
"2020-05-04","United Kingdom","England",131454,1612,25785.0,257.0
"2020-05-03","United Kingdom","England",129842,954,25528.0,246.0
"2020-05-02","United Kingdom","England",128888,1244,25282.0,519.0
"2020-05-01","United Kingdom","England",127644,1966,24763.0,653.0
"2020-04-30","United Kingdom","England",125678,2116,24110.0,560.0
"2020-04-29","United Kingdom","England",123562,2339,23550.0,632.0
"2020-04-28","United Kingdom","England",121223,2273,22918.0,869.0
"2020-04-27","United Kingdom","England",118950,2208,22049.0,307.0
"2020-04-26","United Kingdom","England",116742,1401,21742.0,343.0
"2020-04-25","United Kingdom","England",115341,1809,21399.0,741.0
"2020-04-24","United Kingdom","England",113532,2772,20658.0,824.0
"2020-04-23","United Kingdom","England",110760,2755,19834.0,603.0
"2020-04-22","United Kingdom","England",108005,2760,19231.0,739.0
"2020-04-21","United Kingdom","England",105245,2990,18492.0,1122.0
"2020-04-20","United Kingdom","England",102255,3069,17370.0,539.0
"2020-04-19","United Kingdom","England",99186,2080,16831.0,384.0
"2020-04-18","United Kingdom","England",97106,2572,16447.0,1011.0
"2020-04-17","United Kingdom","England",94534,3417,15436.0,826.0
"2020-04-16","United Kingdom","England",91117,3437,14610.0,907.0
"2020-04-15","United Kingdom","England",87680,3596,13703.0,732.0
"2020-04-14","United Kingdom","England",84084,3409,12971.0,1010.0
"2020-04-13","United Kingdom","England",80675,3298,11961.0,694.0
"2020-04-12","United Kingdom","England",77377,2679,11267.0,606.0
"2020-04-11","United Kingdom","England",74698,2989,10661.0,745.0
"2020-04-10","United Kingdom","England",71709,3500,9916.0,1038.0
"2020-04-09","United Kingdom","England",68209,4008,8878.0,987.0
"2020-04-08","United Kingdom","England",64201,4221,7891.0,924.0
"2020-04-07","United Kingdom","England",59980,4475,6967.0,1010.0
"2020-04-06","United Kingdom","England",55505,4329,5957.0,532.0
"2020-04-05","United Kingdom","England",51176,3030,5425.0,578.0
"2020-04-04","United Kingdom","England",48146,3322,4847.0,689.0
"2020-04-03","United Kingdom","England",44824,4038,4158.0,655.0
"2020-04-02","United Kingdom","England",40786,4012,3503.0,603.0
"2020-04-01","United Kingdom","England",36774,4088,2900.0,613.0
"2020-03-31","United Kingdom","England",32686,3759,2287.0,368.0
"2020-03-30","United Kingdom","England",28927,3489,1919.0,353.0
"2020-03-29","United Kingdom","England",25438,2435,1566.0,195.0
"2020-03-28","United Kingdom","England",23003,2373,1371.0,279.0
"2020-03-27","United Kingdom","England",20630,2657,1092.0,272.0
"2020-03-26","United Kingdom","England",17973,2613,820.0,169.0
"2020-03-25","United Kingdom","England",15360,2262,651.0,177.0
"2020-03-24","United Kingdom","England",13098,2017,474.0,143.0
"2020-03-23","United Kingdom","England",11081,2016,331.0,67.0
"2020-03-22","United Kingdom","England",9065,1207,264.0,24.0
"2020-03-21","United Kingdom","England",7858,1033,240.0,54.0
"2020-03-20","United Kingdom","England",6825,1082,186.0,32.0
"2020-03-19","United Kingdom","England",5743,931,154.0,42.0
"2020-03-18","United Kingdom","England",4812,908,112.0,33.0
"2020-03-17","United Kingdom","England",3904,680,79.0,15.0
"2020-03-16","United Kingdom","England",3224,545,64.0,22.0
"2020-03-15","United Kingdom","England",2679,397,42.0,14.0
"2020-03-14","United Kingdom","England",2282,315,28.0,18.0
"2020-03-13","United Kingdom","England",1967,391,10.0,1.0
"2020-03-12","United Kingdom","England",1576,420,9.0,2.0
"2020-03-11","United Kingdom","England",1156,365,7.0,0.0
"2020-03-10","United Kingdom","England",791,225,7.0,4.0
"2020-03-09","United Kingdom","England",566,125,3.0,1.0
"2020-03-08","United Kingdom","England",441,50,2.0,0.0
"2020-03-07","United Kingdom","England",391,47,2.0,1.0
"2020-03-06","United Kingdom","England",344,73,1.0,""
"2020-03-05","United Kingdom","England",271,47,"",""
"2020-03-04","United Kingdom","England",224,49,"",""
"2020-03-03","United Kingdom","England",175,51,"",""
"2020-03-02","United Kingdom","England",124,39,"",""
"2020-03-01","United Kingdom","England",85,31,"",""
"2020-02-29","United Kingdom","England",54,4,"",""
"2020-02-28","United Kingdom","England",50,12,"",""
"2020-02-27","United Kingdom","England",38,6,"",""
"2020-02-26","United Kingdom","England",32,3,"",""
"2020-02-25","United Kingdom","England",29,4,"",""
"2020-02-24","United Kingdom","England",25,1,"",""
"2020-02-23","United Kingdom","England",24,4,"",""
"2020-02-21","United Kingdom","England",20,1,"",""
"2020-02-19","United Kingdom","England",19,1,"",""
"2020-02-17","United Kingdom","England",18,1,"",""
"2020-02-14","United Kingdom","England",17,1,"",""
"2020-02-13","United Kingdom","England",16,1,"",""
"2020-02-12","United Kingdom","England",15,1,"",""
"2020-02-11","United Kingdom","England",14,1,"",""
"2020-02-09","United Kingdom","England",13,1,"",""
"2020-02-08","United Kingdom","England",12,3,"",""
"2020-02-05","United Kingdom","England",9,1,"",""
"2020-02-03","United Kingdom","England",8,6,"",""
"2020-01-31","United Kingdom","England",2,1,"",""
"2020-01-30","United Kingdom","England",1,1,"",""
