"Date","Country","Region","Total confirmed cases","New cases","Total deaths","New deaths"
"2020-06-02","United Kingdom","England",153376,36,35128.0,315.0
"2020-06-01","United Kingdom","England",153340,223,34813.0,96.0
"2020-05-31","United Kingdom","England",153117,231,34717.0,81.0
"2020-05-30","United Kingdom","England",152886,310,34636.0,194.0
"2020-05-29","United Kingdom","England",152576,408,34442.0,349.0
"2020-05-28","United Kingdom","England",152168,443,34093.0,384.0
"2020-05-27","United Kingdom","England",151725,542,33709.0,405.0
"2020-05-26","United Kingdom","England",151183,541,33304.0,117.0
"2020-05-25","United Kingdom","England",150642,508,33187.0,104.0
"2020-05-24","United Kingdom","England",150134,386,33083.0,417.0
"2020-05-23","United Kingdom","England",149748,454,32666.0,249.0
"2020-05-22","United Kingdom","England",149294,700,32417.0,300.0
"2020-05-21","United Kingdom","England",148594,744,32117.0,274.0
"2020-05-20","United Kingdom","England",147850,822,31843.0,313.0
"2020-05-19","United Kingdom","England",147028,1025,31530.0,520.0
"2020-05-18","United Kingdom","England",146003,938,31010.0,144.0
"2020-05-17","United Kingdom","England",145065,636,30866.0,113.0
"2020-05-16","United Kingdom","England",144429,637,30753.0,389.0
"2020-05-15","United Kingdom","England",143792,907,30364.0,336.0
"2020-05-14","United Kingdom","England",142885,903,30028.0,355.0
"2020-05-13","United Kingdom","England",141982,1076,29673.0,413.0
"2020-05-12","United Kingdom","England",140906,1091,29260.0,603.0
"2020-05-11","United Kingdom","England",139815,1223,28657.0,190.0
"2020-05-10","United Kingdom","England",138592,724,28467.0,217.0
"2020-05-09","United Kingdom","England",137868,892,28250.0,283.0
"2020-05-08","United Kingdom","England",136976,1022,27967.0,535.0
"2020-05-07","United Kingdom","England",135954,1441,27432.0,424.0
"2020-05-06","United Kingdom","England",134513,1430,27008.0,567.0
"2020-05-05","United Kingdom","England",133083,1596,26441.0,656.0
"2020-05-04","United Kingdom","England",131487,1616,25785.0,257.0
"2020-05-03","United Kingdom","England",129871,958,25528.0,246.0
"2020-05-02","United Kingdom","England",128913,1238,25282.0,519.0
"2020-05-01","United Kingdom","England",127675,1944,24763.0,653.0
"2020-04-30","United Kingdom","England",125731,2126,24110.0,560.0
"2020-04-29","United Kingdom","England",123605,2337,23550.0,632.0
"2020-04-28","United Kingdom","England",121268,2275,22918.0,869.0
"2020-04-27","United Kingdom","England",118993,2224,22049.0,307.0
"2020-04-26","United Kingdom","England",116769,1404,21742.0,343.0
"2020-04-25","United Kingdom","England",115365,1809,21399.0,741.0
"2020-04-24","United Kingdom","England",113556,2773,20658.0,824.0
"2020-04-23","United Kingdom","England",110783,2762,19834.0,603.0
"2020-04-22","United Kingdom","England",108021,2757,19231.0,739.0
"2020-04-21","United Kingdom","England",105264,2986,18492.0,1122.0
"2020-04-20","United Kingdom","England",102278,3079,17370.0,539.0
"2020-04-19","United Kingdom","England",99199,2083,16831.0,384.0
"2020-04-18","United Kingdom","England",97116,2571,16447.0,1011.0
"2020-04-17","United Kingdom","England",94545,3417,15436.0,826.0
"2020-04-16","United Kingdom","England",91128,3434,14610.0,907.0
"2020-04-15","United Kingdom","England",87694,3601,13703.0,732.0
"2020-04-14","United Kingdom","England",84093,3418,12971.0,1010.0
"2020-04-13","United Kingdom","England",80675,3303,11961.0,694.0
"2020-04-12","United Kingdom","England",77372,2683,11267.0,606.0
"2020-04-11","United Kingdom","England",74689,2998,10661.0,745.0
"2020-04-10","United Kingdom","England",71691,3503,9916.0,1038.0
"2020-04-09","United Kingdom","England",68188,4006,8878.0,987.0
"2020-04-08","United Kingdom","England",64182,4227,7891.0,924.0
"2020-04-07","United Kingdom","England",59955,4479,6967.0,1010.0
"2020-04-06","United Kingdom","England",55476,4327,5957.0,532.0
"2020-04-05","United Kingdom","England",51149,3030,5425.0,578.0
"2020-04-04","United Kingdom","England",48119,3319,4847.0,689.0
"2020-04-03","United Kingdom","England",44800,4042,4158.0,655.0
"2020-04-02","United Kingdom","England",40758,4009,3503.0,603.0
"2020-04-01","United Kingdom","England",36749,4083,2900.0,613.0
"2020-03-31","United Kingdom","England",32666,3760,2287.0,368.0
"2020-03-30","United Kingdom","England",28906,3491,1919.0,353.0
"2020-03-29","United Kingdom","England",25415,2434,1566.0,195.0
"2020-03-28","United Kingdom","England",22981,2372,1371.0,279.0
"2020-03-27","United Kingdom","England",20609,2657,1092.0,272.0
"2020-03-26","United Kingdom","England",17952,2607,820.0,169.0
"2020-03-25","United Kingdom","England",15345,2261,651.0,177.0
"2020-03-24","United Kingdom","England",13084,2020,474.0,143.0
"2020-03-23","United Kingdom","England",11064,2016,331.0,67.0
"2020-03-22","United Kingdom","England",9048,1206,264.0,24.0
"2020-03-21","United Kingdom","England",7842,1034,240.0,54.0
"2020-03-20","United Kingdom","England",6808,1081,186.0,32.0
"2020-03-19","United Kingdom","England",5727,931,154.0,42.0
"2020-03-18","United Kingdom","England",4796,910,112.0,33.0
"2020-03-17","United Kingdom","England",3886,679,79.0,15.0
"2020-03-16","United Kingdom","England",3207,547,64.0,22.0
"2020-03-15","United Kingdom","England",2660,397,42.0,14.0
"2020-03-14","United Kingdom","England",2263,315,28.0,18.0
"2020-03-13","United Kingdom","England",1948,391,10.0,1.0
"2020-03-12","United Kingdom","England",1557,413,9.0,2.0
"2020-03-11","United Kingdom","England",1144,354,7.0,0.0
"2020-03-10","United Kingdom","England",790,223,7.0,4.0
"2020-03-09","United Kingdom","England",567,125,3.0,1.0
"2020-03-08","United Kingdom","England",442,50,2.0,0.0
"2020-03-07","United Kingdom","England",392,47,2.0,1.0
"2020-03-06","United Kingdom","England",345,73,1.0,""
"2020-03-05","United Kingdom","England",272,47,"",""
"2020-03-04","United Kingdom","England",225,49,"",""
"2020-03-03","United Kingdom","England",176,52,"",""
"2020-03-02","United Kingdom","England",124,39,"",""
"2020-03-01","United Kingdom","England",85,31,"",""
"2020-02-29","United Kingdom","England",54,4,"",""
"2020-02-28","United Kingdom","England",50,12,"",""
"2020-02-27","United Kingdom","England",38,6,"",""
"2020-02-26","United Kingdom","England",32,3,"",""
"2020-02-25","United Kingdom","England",29,4,"",""
"2020-02-24","United Kingdom","England",25,1,"",""
"2020-02-23","United Kingdom","England",24,4,"",""
"2020-02-21","United Kingdom","England",20,1,"",""
"2020-02-19","United Kingdom","England",19,1,"",""
"2020-02-17","United Kingdom","England",18,1,"",""
"2020-02-14","United Kingdom","England",17,1,"",""
"2020-02-13","United Kingdom","England",16,1,"",""
"2020-02-12","United Kingdom","England",15,1,"",""
"2020-02-11","United Kingdom","England",14,1,"",""
"2020-02-09","United Kingdom","England",13,1,"",""
"2020-02-08","United Kingdom","England",12,3,"",""
"2020-02-05","United Kingdom","England",9,1,"",""
"2020-02-03","United Kingdom","England",8,6,"",""
"2020-01-31","United Kingdom","England",2,1,"",""
"2020-01-30","United Kingdom","England",1,1,"",""
