"Date","Country","Region","Total confirmed cases","New cases","Total deaths","New deaths"
"2020-06-11","United Kingdom","England",156410,19,36883.0,133.0
"2020-06-10","United Kingdom","England",156391,180,36750.0,229.0
"2020-06-09","United Kingdom","England",156211,240,36521.0,277.0
"2020-06-08","United Kingdom","England",155971,269,36244.0,52.0
"2020-06-07","United Kingdom","England",155702,209,36192.0,65.0
"2020-06-06","United Kingdom","England",155493,218,36127.0,179.0
"2020-06-05","United Kingdom","England",155275,333,35948.0,343.0
"2020-06-04","United Kingdom","England",154942,318,35605.0,149.0
"2020-06-03","United Kingdom","England",154624,454,35456.0,328.0
"2020-06-02","United Kingdom","England",154170,483,35128.0,315.0
"2020-06-01","United Kingdom","England",153687,448,34813.0,96.0
"2020-05-31","United Kingdom","England",153239,305,34717.0,81.0
"2020-05-30","United Kingdom","England",152934,343,34636.0,194.0
"2020-05-29","United Kingdom","England",152591,439,34442.0,349.0
"2020-05-28","United Kingdom","England",152152,454,34093.0,384.0
"2020-05-27","United Kingdom","England",151698,545,33709.0,405.0
"2020-05-26","United Kingdom","England",151153,544,33304.0,117.0
"2020-05-25","United Kingdom","England",150609,507,33187.0,104.0
"2020-05-24","United Kingdom","England",150102,386,33083.0,417.0
"2020-05-23","United Kingdom","England",149716,453,32666.0,249.0
"2020-05-22","United Kingdom","England",149263,704,32417.0,300.0
"2020-05-21","United Kingdom","England",148559,741,32117.0,274.0
"2020-05-20","United Kingdom","England",147818,815,31843.0,313.0
"2020-05-19","United Kingdom","England",147003,1019,31530.0,520.0
"2020-05-18","United Kingdom","England",145984,938,31010.0,144.0
"2020-05-17","United Kingdom","England",145046,634,30866.0,113.0
"2020-05-16","United Kingdom","England",144412,632,30753.0,389.0
"2020-05-15","United Kingdom","England",143780,905,30364.0,336.0
"2020-05-14","United Kingdom","England",142875,897,30028.0,355.0
"2020-05-13","United Kingdom","England",141978,1073,29673.0,413.0
"2020-05-12","United Kingdom","England",140905,1097,29260.0,603.0
"2020-05-11","United Kingdom","England",139808,1236,28657.0,190.0
"2020-05-10","United Kingdom","England",138572,728,28467.0,217.0
"2020-05-09","United Kingdom","England",137844,891,28250.0,283.0
"2020-05-08","United Kingdom","England",136953,1022,27967.0,535.0
"2020-05-07","United Kingdom","England",135931,1442,27432.0,424.0
"2020-05-06","United Kingdom","England",134489,1435,27008.0,567.0
"2020-05-05","United Kingdom","England",133054,1602,26441.0,656.0
"2020-05-04","United Kingdom","England",131452,1623,25785.0,257.0
"2020-05-03","United Kingdom","England",129829,959,25528.0,246.0
"2020-05-02","United Kingdom","England",128870,1240,25282.0,519.0
"2020-05-01","United Kingdom","England",127630,1945,24763.0,653.0
"2020-04-30","United Kingdom","England",125685,2120,24110.0,560.0
"2020-04-29","United Kingdom","England",123565,2347,23550.0,632.0
"2020-04-28","United Kingdom","England",121218,2274,22918.0,869.0
"2020-04-27","United Kingdom","England",118944,2221,22049.0,307.0
"2020-04-26","United Kingdom","England",116723,1405,21742.0,343.0
"2020-04-25","United Kingdom","England",115318,1808,21399.0,741.0
"2020-04-24","United Kingdom","England",113510,2766,20658.0,824.0
"2020-04-23","United Kingdom","England",110744,2754,19834.0,603.0
"2020-04-22","United Kingdom","England",107990,2753,19231.0,739.0
"2020-04-21","United Kingdom","England",105237,2985,18492.0,1122.0
"2020-04-20","United Kingdom","England",102252,3065,17370.0,539.0
"2020-04-19","United Kingdom","England",99187,2085,16831.0,384.0
"2020-04-18","United Kingdom","England",97102,2581,16447.0,1011.0
"2020-04-17","United Kingdom","England",94521,3424,15436.0,826.0
"2020-04-16","United Kingdom","England",91097,3429,14610.0,907.0
"2020-04-15","United Kingdom","England",87668,3600,13703.0,732.0
"2020-04-14","United Kingdom","England",84068,3419,12971.0,1010.0
"2020-04-13","United Kingdom","England",80649,3302,11961.0,694.0
"2020-04-12","United Kingdom","England",77347,2681,11267.0,606.0
"2020-04-11","United Kingdom","England",74666,2991,10661.0,745.0
"2020-04-10","United Kingdom","England",71675,3503,9916.0,1038.0
"2020-04-09","United Kingdom","England",68172,4012,8878.0,987.0
"2020-04-08","United Kingdom","England",64160,4216,7891.0,924.0
"2020-04-07","United Kingdom","England",59944,4473,6967.0,1010.0
"2020-04-06","United Kingdom","England",55471,4326,5957.0,532.0
"2020-04-05","United Kingdom","England",51145,3026,5425.0,578.0
"2020-04-04","United Kingdom","England",48119,3323,4847.0,689.0
"2020-04-03","United Kingdom","England",44796,4042,4158.0,655.0
"2020-04-02","United Kingdom","England",40754,4010,3503.0,603.0
"2020-04-01","United Kingdom","England",36744,4075,2900.0,613.0
"2020-03-31","United Kingdom","England",32669,3765,2287.0,368.0
"2020-03-30","United Kingdom","England",28904,3490,1919.0,353.0
"2020-03-29","United Kingdom","England",25414,2435,1566.0,195.0
"2020-03-28","United Kingdom","England",22979,2372,1371.0,279.0
"2020-03-27","United Kingdom","England",20607,2659,1092.0,272.0
"2020-03-26","United Kingdom","England",17948,2608,820.0,169.0
"2020-03-25","United Kingdom","England",15340,2260,651.0,177.0
"2020-03-24","United Kingdom","England",13080,2019,474.0,143.0
"2020-03-23","United Kingdom","England",11061,2016,331.0,67.0
"2020-03-22","United Kingdom","England",9045,1207,264.0,24.0
"2020-03-21","United Kingdom","England",7838,1034,240.0,54.0
"2020-03-20","United Kingdom","England",6804,1079,186.0,32.0
"2020-03-19","United Kingdom","England",5725,930,154.0,42.0
"2020-03-18","United Kingdom","England",4795,909,112.0,33.0
"2020-03-17","United Kingdom","England",3886,680,79.0,15.0
"2020-03-16","United Kingdom","England",3206,545,64.0,22.0
"2020-03-15","United Kingdom","England",2661,397,42.0,14.0
"2020-03-14","United Kingdom","England",2264,317,28.0,18.0
"2020-03-13","United Kingdom","England",1947,392,10.0,1.0
"2020-03-12","United Kingdom","England",1555,413,9.0,2.0
"2020-03-11","United Kingdom","England",1142,354,7.0,0.0
"2020-03-10","United Kingdom","England",788,223,7.0,4.0
"2020-03-09","United Kingdom","England",565,124,3.0,1.0
"2020-03-08","United Kingdom","England",441,50,2.0,0.0
"2020-03-07","United Kingdom","England",391,47,2.0,1.0
"2020-03-06","United Kingdom","England",344,73,1.0,""
"2020-03-05","United Kingdom","England",271,47,"",""
"2020-03-04","United Kingdom","England",224,49,"",""
"2020-03-03","United Kingdom","England",175,51,"",""
"2020-03-02","United Kingdom","England",124,39,"",""
"2020-03-01","United Kingdom","England",85,31,"",""
"2020-02-29","United Kingdom","England",54,4,"",""
"2020-02-28","United Kingdom","England",50,12,"",""
"2020-02-27","United Kingdom","England",38,6,"",""
"2020-02-26","United Kingdom","England",32,3,"",""
"2020-02-25","United Kingdom","England",29,4,"",""
"2020-02-24","United Kingdom","England",25,1,"",""
"2020-02-23","United Kingdom","England",24,4,"",""
"2020-02-21","United Kingdom","England",20,1,"",""
"2020-02-19","United Kingdom","England",19,1,"",""
"2020-02-17","United Kingdom","England",18,1,"",""
"2020-02-14","United Kingdom","England",17,1,"",""
"2020-02-13","United Kingdom","England",16,1,"",""
"2020-02-12","United Kingdom","England",15,1,"",""
"2020-02-11","United Kingdom","England",14,1,"",""
"2020-02-09","United Kingdom","England",13,1,"",""
"2020-02-08","United Kingdom","England",12,3,"",""
"2020-02-05","United Kingdom","England",9,1,"",""
"2020-02-03","United Kingdom","England",8,6,"",""
"2020-01-31","United Kingdom","England",2,1,"",""
"2020-01-30","United Kingdom","England",1,1,"",""
