"Date","Country","Region","Total confirmed cases","New cases","Total deaths","New deaths"
"2020-05-05","United Kingdom","England",129799,43,26441.0,656.0
"2020-05-04","United Kingdom","England",129756,507,25785.0,257.0
"2020-05-03","United Kingdom","England",129249,779,25528.0,246.0
"2020-05-02","United Kingdom","England",128470,1063,25282.0,519.0
"2020-05-01","United Kingdom","England",127407,1744,24763.0,653.0
"2020-04-30","United Kingdom","England",125663,2058,24110.0,560.0
"2020-04-29","United Kingdom","England",123605,2331,23550.0,632.0
"2020-04-28","United Kingdom","England",121274,2276,22918.0,869.0
"2020-04-27","United Kingdom","England",118998,2219,22049.0,307.0
"2020-04-26","United Kingdom","England",116779,1389,21742.0,343.0
"2020-04-25","United Kingdom","England",115390,1805,21399.0,741.0
"2020-04-24","United Kingdom","England",113585,2767,20658.0,824.0
"2020-04-23","United Kingdom","England",110818,2736,19834.0,603.0
"2020-04-22","United Kingdom","England",108082,2734,19231.0,739.0
"2020-04-21","United Kingdom","England",105348,2970,18492.0,1122.0
"2020-04-20","United Kingdom","England",102378,3083,17370.0,539.0
"2020-04-19","United Kingdom","England",99295,2069,16831.0,384.0
"2020-04-18","United Kingdom","England",97226,2533,16447.0,1011.0
"2020-04-17","United Kingdom","England",94693,3407,15436.0,826.0
"2020-04-16","United Kingdom","England",91286,3437,14610.0,907.0
"2020-04-15","United Kingdom","England",87849,3633,13703.0,732.0
"2020-04-14","United Kingdom","England",84216,3358,12971.0,1010.0
"2020-04-13","United Kingdom","England",80858,3323,11961.0,694.0
"2020-04-12","United Kingdom","England",77535,2692,11267.0,606.0
"2020-04-11","United Kingdom","England",74843,3007,10661.0,745.0
"2020-04-10","United Kingdom","England",71836,3531,9916.0,1038.0
"2020-04-09","United Kingdom","England",68305,4034,8878.0,987.0
"2020-04-08","United Kingdom","England",64271,4261,7891.0,924.0
"2020-04-07","United Kingdom","England",60010,4509,6967.0,1010.0
"2020-04-06","United Kingdom","England",55501,4346,5957.0,532.0
"2020-04-05","United Kingdom","England",51155,3028,5425.0,578.0
"2020-04-04","United Kingdom","England",48127,3322,4847.0,689.0
"2020-04-03","United Kingdom","England",44805,4034,4158.0,655.0
"2020-04-02","United Kingdom","England",40771,4006,3503.0,603.0
"2020-04-01","United Kingdom","England",36765,4081,2900.0,613.0
"2020-03-31","United Kingdom","England",32684,3753,2287.0,368.0
"2020-03-30","United Kingdom","England",28931,3484,1919.0,353.0
"2020-03-29","United Kingdom","England",25447,2436,1566.0,195.0
"2020-03-28","United Kingdom","England",23011,2378,1371.0,279.0
"2020-03-27","United Kingdom","England",20633,2653,1092.0,272.0
"2020-03-26","United Kingdom","England",17980,2611,820.0,169.0
"2020-03-25","United Kingdom","England",15369,2264,651.0,177.0
"2020-03-24","United Kingdom","England",13105,2017,474.0,143.0
"2020-03-23","United Kingdom","England",11088,2016,331.0,67.0
"2020-03-22","United Kingdom","England",9072,1207,264.0,24.0
"2020-03-21","United Kingdom","England",7865,1034,240.0,54.0
"2020-03-20","United Kingdom","England",6831,1083,186.0,32.0
"2020-03-19","United Kingdom","England",5748,931,154.0,42.0
"2020-03-18","United Kingdom","England",4817,910,112.0,33.0
"2020-03-17","United Kingdom","England",3907,679,79.0,15.0
"2020-03-16","United Kingdom","England",3228,546,64.0,22.0
"2020-03-15","United Kingdom","England",2682,397,42.0,14.0
"2020-03-14","United Kingdom","England",2285,315,28.0,18.0
"2020-03-13","United Kingdom","England",1970,392,10.0,1.0
"2020-03-12","United Kingdom","England",1578,421,9.0,2.0
"2020-03-11","United Kingdom","England",1157,365,7.0,0.0
"2020-03-10","United Kingdom","England",792,225,7.0,4.0
"2020-03-09","United Kingdom","England",567,125,3.0,1.0
"2020-03-08","United Kingdom","England",442,50,2.0,0.0
"2020-03-07","United Kingdom","England",392,47,2.0,1.0
"2020-03-06","United Kingdom","England",345,73,1.0,""
"2020-03-05","United Kingdom","England",272,47,"",""
"2020-03-04","United Kingdom","England",225,49,"",""
"2020-03-03","United Kingdom","England",176,51,"",""
"2020-03-02","United Kingdom","England",125,39,"",""
"2020-03-01","United Kingdom","England",86,31,"",""
"2020-02-29","United Kingdom","England",55,4,"",""
"2020-02-28","United Kingdom","England",51,12,"",""
"2020-02-27","United Kingdom","England",39,6,"",""
"2020-02-26","United Kingdom","England",33,3,"",""
"2020-02-25","United Kingdom","England",30,4,"",""
"2020-02-24","United Kingdom","England",26,1,"",""
"2020-02-23","United Kingdom","England",25,4,"",""
"2020-02-21","United Kingdom","England",21,1,"",""
"2020-02-19","United Kingdom","England",20,1,"",""
"2020-02-17","United Kingdom","England",19,1,"",""
"2020-02-16","United Kingdom","England",18,1,"",""
"2020-02-14","United Kingdom","England",17,1,"",""
"2020-02-13","United Kingdom","England",16,1,"",""
"2020-02-12","United Kingdom","England",15,1,"",""
"2020-02-11","United Kingdom","England",14,1,"",""
"2020-02-09","United Kingdom","England",13,1,"",""
"2020-02-08","United Kingdom","England",12,3,"",""
"2020-02-05","United Kingdom","England",9,1,"",""
"2020-02-03","United Kingdom","England",8,6,"",""
"2020-01-31","United Kingdom","England",2,1,"",""
"2020-01-30","United Kingdom","England",1,1,"",""
