"Date","Country","Region","Total confirmed cases","New cases","Total deaths","New deaths"
"2020-06-12","United Kingdom","England",156782,18,37069.0,186.0
"2020-06-11","United Kingdom","England",156764,138,36883.0,133.0
"2020-06-10","United Kingdom","England",156626,327,36750.0,229.0
"2020-06-09","United Kingdom","England",156299,282,36521.0,277.0
"2020-06-08","United Kingdom","England",156017,276,36244.0,52.0
"2020-06-07","United Kingdom","England",155741,206,36192.0,65.0
"2020-06-06","United Kingdom","England",155535,216,36127.0,179.0
"2020-06-05","United Kingdom","England",155319,336,35948.0,343.0
"2020-06-04","United Kingdom","England",154983,321,35605.0,149.0
"2020-06-03","United Kingdom","England",154662,445,35456.0,328.0
"2020-06-02","United Kingdom","England",154217,482,35128.0,315.0
"2020-06-01","United Kingdom","England",153735,447,34813.0,96.0
"2020-05-31","United Kingdom","England",153288,305,34717.0,81.0
"2020-05-30","United Kingdom","England",152983,345,34636.0,194.0
"2020-05-29","United Kingdom","England",152638,436,34442.0,349.0
"2020-05-28","United Kingdom","England",152202,453,34093.0,384.0
"2020-05-27","United Kingdom","England",151749,545,33709.0,405.0
"2020-05-26","United Kingdom","England",151204,541,33304.0,117.0
"2020-05-25","United Kingdom","England",150663,509,33187.0,104.0
"2020-05-24","United Kingdom","England",150154,387,33083.0,417.0
"2020-05-23","United Kingdom","England",149767,453,32666.0,249.0
"2020-05-22","United Kingdom","England",149314,700,32417.0,300.0
"2020-05-21","United Kingdom","England",148614,745,32117.0,274.0
"2020-05-20","United Kingdom","England",147869,824,31843.0,313.0
"2020-05-19","United Kingdom","England",147045,1023,31530.0,520.0
"2020-05-18","United Kingdom","England",146022,938,31010.0,144.0
"2020-05-17","United Kingdom","England",145084,631,30866.0,113.0
"2020-05-16","United Kingdom","England",144453,631,30753.0,389.0
"2020-05-15","United Kingdom","England",143822,904,30364.0,336.0
"2020-05-14","United Kingdom","England",142918,897,30028.0,355.0
"2020-05-13","United Kingdom","England",142021,1074,29673.0,413.0
"2020-05-12","United Kingdom","England",140947,1096,29260.0,603.0
"2020-05-11","United Kingdom","England",139851,1238,28657.0,190.0
"2020-05-10","United Kingdom","England",138613,725,28467.0,217.0
"2020-05-09","United Kingdom","England",137888,892,28250.0,283.0
"2020-05-08","United Kingdom","England",136996,1023,27967.0,535.0
"2020-05-07","United Kingdom","England",135973,1443,27432.0,424.0
"2020-05-06","United Kingdom","England",134530,1435,27008.0,567.0
"2020-05-05","United Kingdom","England",133095,1609,26441.0,656.0
"2020-05-04","United Kingdom","England",131486,1619,25785.0,257.0
"2020-05-03","United Kingdom","England",129867,959,25528.0,246.0
"2020-05-02","United Kingdom","England",128908,1241,25282.0,519.0
"2020-05-01","United Kingdom","England",127667,1943,24763.0,653.0
"2020-04-30","United Kingdom","England",125724,2121,24110.0,560.0
"2020-04-29","United Kingdom","England",123603,2343,23550.0,632.0
"2020-04-28","United Kingdom","England",121260,2282,22918.0,869.0
"2020-04-27","United Kingdom","England",118978,2221,22049.0,307.0
"2020-04-26","United Kingdom","England",116757,1404,21742.0,343.0
"2020-04-25","United Kingdom","England",115353,1807,21399.0,741.0
"2020-04-24","United Kingdom","England",113546,2769,20658.0,824.0
"2020-04-23","United Kingdom","England",110777,2762,19834.0,603.0
"2020-04-22","United Kingdom","England",108015,2755,19231.0,739.0
"2020-04-21","United Kingdom","England",105260,2989,18492.0,1122.0
"2020-04-20","United Kingdom","England",102271,3069,17370.0,539.0
"2020-04-19","United Kingdom","England",99202,2085,16831.0,384.0
"2020-04-18","United Kingdom","England",97117,2579,16447.0,1011.0
"2020-04-17","United Kingdom","England",94538,3421,15436.0,826.0
"2020-04-16","United Kingdom","England",91117,3436,14610.0,907.0
"2020-04-15","United Kingdom","England",87681,3601,13703.0,732.0
"2020-04-14","United Kingdom","England",84080,3418,12971.0,1010.0
"2020-04-13","United Kingdom","England",80662,3305,11961.0,694.0
"2020-04-12","United Kingdom","England",77357,2681,11267.0,606.0
"2020-04-11","United Kingdom","England",74676,2992,10661.0,745.0
"2020-04-10","United Kingdom","England",71684,3501,9916.0,1038.0
"2020-04-09","United Kingdom","England",68183,4011,8878.0,987.0
"2020-04-08","United Kingdom","England",64172,4226,7891.0,924.0
"2020-04-07","United Kingdom","England",59946,4473,6967.0,1010.0
"2020-04-06","United Kingdom","England",55473,4324,5957.0,532.0
"2020-04-05","United Kingdom","England",51149,3026,5425.0,578.0
"2020-04-04","United Kingdom","England",48123,3326,4847.0,689.0
"2020-04-03","United Kingdom","England",44797,4043,4158.0,655.0
"2020-04-02","United Kingdom","England",40754,4010,3503.0,603.0
"2020-04-01","United Kingdom","England",36744,4076,2900.0,613.0
"2020-03-31","United Kingdom","England",32668,3760,2287.0,368.0
"2020-03-30","United Kingdom","England",28908,3489,1919.0,353.0
"2020-03-29","United Kingdom","England",25419,2436,1566.0,195.0
"2020-03-28","United Kingdom","England",22983,2372,1371.0,279.0
"2020-03-27","United Kingdom","England",20611,2664,1092.0,272.0
"2020-03-26","United Kingdom","England",17947,2608,820.0,169.0
"2020-03-25","United Kingdom","England",15339,2256,651.0,177.0
"2020-03-24","United Kingdom","England",13083,2019,474.0,143.0
"2020-03-23","United Kingdom","England",11064,2016,331.0,67.0
"2020-03-22","United Kingdom","England",9048,1208,264.0,24.0
"2020-03-21","United Kingdom","England",7840,1034,240.0,54.0
"2020-03-20","United Kingdom","England",6806,1081,186.0,32.0
"2020-03-19","United Kingdom","England",5725,930,154.0,42.0
"2020-03-18","United Kingdom","England",4795,909,112.0,33.0
"2020-03-17","United Kingdom","England",3886,678,79.0,15.0
"2020-03-16","United Kingdom","England",3208,546,64.0,22.0
"2020-03-15","United Kingdom","England",2662,397,42.0,14.0
"2020-03-14","United Kingdom","England",2265,317,28.0,18.0
"2020-03-13","United Kingdom","England",1948,392,10.0,1.0
"2020-03-12","United Kingdom","England",1556,413,9.0,2.0
"2020-03-11","United Kingdom","England",1143,354,7.0,0.0
"2020-03-10","United Kingdom","England",789,223,7.0,4.0
"2020-03-09","United Kingdom","England",566,124,3.0,1.0
"2020-03-08","United Kingdom","England",442,50,2.0,0.0
"2020-03-07","United Kingdom","England",392,47,2.0,1.0
"2020-03-06","United Kingdom","England",345,73,1.0,""
"2020-03-05","United Kingdom","England",272,47,"",""
"2020-03-04","United Kingdom","England",225,49,"",""
"2020-03-03","United Kingdom","England",176,52,"",""
"2020-03-02","United Kingdom","England",124,39,"",""
"2020-03-01","United Kingdom","England",85,31,"",""
"2020-02-29","United Kingdom","England",54,4,"",""
"2020-02-28","United Kingdom","England",50,12,"",""
"2020-02-27","United Kingdom","England",38,6,"",""
"2020-02-26","United Kingdom","England",32,3,"",""
"2020-02-25","United Kingdom","England",29,4,"",""
"2020-02-24","United Kingdom","England",25,1,"",""
"2020-02-23","United Kingdom","England",24,4,"",""
"2020-02-21","United Kingdom","England",20,1,"",""
"2020-02-19","United Kingdom","England",19,1,"",""
"2020-02-17","United Kingdom","England",18,1,"",""
"2020-02-14","United Kingdom","England",17,1,"",""
"2020-02-13","United Kingdom","England",16,1,"",""
"2020-02-12","United Kingdom","England",15,1,"",""
"2020-02-11","United Kingdom","England",14,1,"",""
"2020-02-09","United Kingdom","England",13,1,"",""
"2020-02-08","United Kingdom","England",12,3,"",""
"2020-02-05","United Kingdom","England",9,1,"",""
"2020-02-03","United Kingdom","England",8,6,"",""
"2020-01-31","United Kingdom","England",2,1,"",""
"2020-01-30","United Kingdom","England",1,1,"",""
