"Date","Country","Region","Total confirmed cases","New cases","Total deaths","New deaths"
"2020-06-05","United Kingdom","England",154680,32,35948.0,343.0
"2020-06-04","United Kingdom","England",154648,142,35605.0,149.0
"2020-06-03","United Kingdom","England",154506,367,35456.0,328.0
"2020-06-02","United Kingdom","England",154139,451,35128.0,315.0
"2020-06-01","United Kingdom","England",153688,445,34813.0,96.0
"2020-05-31","United Kingdom","England",153243,304,34717.0,81.0
"2020-05-30","United Kingdom","England",152939,343,34636.0,194.0
"2020-05-29","United Kingdom","England",152596,438,34442.0,349.0
"2020-05-28","United Kingdom","England",152158,450,34093.0,384.0
"2020-05-27","United Kingdom","England",151708,545,33709.0,405.0
"2020-05-26","United Kingdom","England",151163,540,33304.0,117.0
"2020-05-25","United Kingdom","England",150623,510,33187.0,104.0
"2020-05-24","United Kingdom","England",150113,385,33083.0,417.0
"2020-05-23","United Kingdom","England",149728,456,32666.0,249.0
"2020-05-22","United Kingdom","England",149272,701,32417.0,300.0
"2020-05-21","United Kingdom","England",148571,743,32117.0,274.0
"2020-05-20","United Kingdom","England",147828,822,31843.0,313.0
"2020-05-19","United Kingdom","England",147006,1025,31530.0,520.0
"2020-05-18","United Kingdom","England",145981,934,31010.0,144.0
"2020-05-17","United Kingdom","England",145047,635,30866.0,113.0
"2020-05-16","United Kingdom","England",144412,636,30753.0,389.0
"2020-05-15","United Kingdom","England",143776,903,30364.0,336.0
"2020-05-14","United Kingdom","England",142873,899,30028.0,355.0
"2020-05-13","United Kingdom","England",141974,1075,29673.0,413.0
"2020-05-12","United Kingdom","England",140899,1096,29260.0,603.0
"2020-05-11","United Kingdom","England",139803,1230,28657.0,190.0
"2020-05-10","United Kingdom","England",138573,726,28467.0,217.0
"2020-05-09","United Kingdom","England",137847,888,28250.0,283.0
"2020-05-08","United Kingdom","England",136959,1017,27967.0,535.0
"2020-05-07","United Kingdom","England",135942,1436,27432.0,424.0
"2020-05-06","United Kingdom","England",134506,1423,27008.0,567.0
"2020-05-05","United Kingdom","England",133083,1594,26441.0,656.0
"2020-05-04","United Kingdom","England",131489,1611,25785.0,257.0
"2020-05-03","United Kingdom","England",129878,961,25528.0,246.0
"2020-05-02","United Kingdom","England",128917,1241,25282.0,519.0
"2020-05-01","United Kingdom","England",127676,1947,24763.0,653.0
"2020-04-30","United Kingdom","England",125729,2120,24110.0,560.0
"2020-04-29","United Kingdom","England",123609,2337,23550.0,632.0
"2020-04-28","United Kingdom","England",121272,2274,22918.0,869.0
"2020-04-27","United Kingdom","England",118998,2222,22049.0,307.0
"2020-04-26","United Kingdom","England",116776,1405,21742.0,343.0
"2020-04-25","United Kingdom","England",115371,1808,21399.0,741.0
"2020-04-24","United Kingdom","England",113563,2770,20658.0,824.0
"2020-04-23","United Kingdom","England",110793,2761,19834.0,603.0
"2020-04-22","United Kingdom","England",108032,2760,19231.0,739.0
"2020-04-21","United Kingdom","England",105272,2985,18492.0,1122.0
"2020-04-20","United Kingdom","England",102287,3078,17370.0,539.0
"2020-04-19","United Kingdom","England",99209,2082,16831.0,384.0
"2020-04-18","United Kingdom","England",97127,2575,16447.0,1011.0
"2020-04-17","United Kingdom","England",94552,3429,15436.0,826.0
"2020-04-16","United Kingdom","England",91123,3445,14610.0,907.0
"2020-04-15","United Kingdom","England",87678,3598,13703.0,732.0
"2020-04-14","United Kingdom","England",84080,3410,12971.0,1010.0
"2020-04-13","United Kingdom","England",80670,3307,11961.0,694.0
"2020-04-12","United Kingdom","England",77363,2682,11267.0,606.0
"2020-04-11","United Kingdom","England",74681,2995,10661.0,745.0
"2020-04-10","United Kingdom","England",71686,3505,9916.0,1038.0
"2020-04-09","United Kingdom","England",68181,4007,8878.0,987.0
"2020-04-08","United Kingdom","England",64174,4218,7891.0,924.0
"2020-04-07","United Kingdom","England",59956,4477,6967.0,1010.0
"2020-04-06","United Kingdom","England",55479,4324,5957.0,532.0
"2020-04-05","United Kingdom","England",51155,3030,5425.0,578.0
"2020-04-04","United Kingdom","England",48125,3320,4847.0,689.0
"2020-04-03","United Kingdom","England",44805,4042,4158.0,655.0
"2020-04-02","United Kingdom","England",40763,4006,3503.0,603.0
"2020-04-01","United Kingdom","England",36757,4085,2900.0,613.0
"2020-03-31","United Kingdom","England",32672,3763,2287.0,368.0
"2020-03-30","United Kingdom","England",28909,3490,1919.0,353.0
"2020-03-29","United Kingdom","England",25419,2437,1566.0,195.0
"2020-03-28","United Kingdom","England",22982,2374,1371.0,279.0
"2020-03-27","United Kingdom","England",20608,2659,1092.0,272.0
"2020-03-26","United Kingdom","England",17949,2606,820.0,169.0
"2020-03-25","United Kingdom","England",15343,2259,651.0,177.0
"2020-03-24","United Kingdom","England",13084,2021,474.0,143.0
"2020-03-23","United Kingdom","England",11063,2017,331.0,67.0
"2020-03-22","United Kingdom","England",9046,1205,264.0,24.0
"2020-03-21","United Kingdom","England",7841,1034,240.0,54.0
"2020-03-20","United Kingdom","England",6807,1081,186.0,32.0
"2020-03-19","United Kingdom","England",5726,931,154.0,42.0
"2020-03-18","United Kingdom","England",4795,909,112.0,33.0
"2020-03-17","United Kingdom","England",3886,680,79.0,15.0
"2020-03-16","United Kingdom","England",3206,545,64.0,22.0
"2020-03-15","United Kingdom","England",2661,397,42.0,14.0
"2020-03-14","United Kingdom","England",2264,317,28.0,18.0
"2020-03-13","United Kingdom","England",1947,392,10.0,1.0
"2020-03-12","United Kingdom","England",1555,413,9.0,2.0
"2020-03-11","United Kingdom","England",1142,354,7.0,0.0
"2020-03-10","United Kingdom","England",788,223,7.0,4.0
"2020-03-09","United Kingdom","England",565,124,3.0,1.0
"2020-03-08","United Kingdom","England",441,50,2.0,0.0
"2020-03-07","United Kingdom","England",391,47,2.0,1.0
"2020-03-06","United Kingdom","England",344,73,1.0,""
"2020-03-05","United Kingdom","England",271,47,"",""
"2020-03-04","United Kingdom","England",224,49,"",""
"2020-03-03","United Kingdom","England",175,51,"",""
"2020-03-02","United Kingdom","England",124,39,"",""
"2020-03-01","United Kingdom","England",85,31,"",""
"2020-02-29","United Kingdom","England",54,4,"",""
"2020-02-28","United Kingdom","England",50,12,"",""
"2020-02-27","United Kingdom","England",38,6,"",""
"2020-02-26","United Kingdom","England",32,3,"",""
"2020-02-25","United Kingdom","England",29,4,"",""
"2020-02-24","United Kingdom","England",25,1,"",""
"2020-02-23","United Kingdom","England",24,4,"",""
"2020-02-21","United Kingdom","England",20,1,"",""
"2020-02-19","United Kingdom","England",19,1,"",""
"2020-02-17","United Kingdom","England",18,1,"",""
"2020-02-14","United Kingdom","England",17,1,"",""
"2020-02-13","United Kingdom","England",16,1,"",""
"2020-02-12","United Kingdom","England",15,1,"",""
"2020-02-11","United Kingdom","England",14,1,"",""
"2020-02-09","United Kingdom","England",13,1,"",""
"2020-02-08","United Kingdom","England",12,3,"",""
"2020-02-05","United Kingdom","England",9,1,"",""
"2020-02-03","United Kingdom","England",8,6,"",""
"2020-01-31","United Kingdom","England",2,1,"",""
"2020-01-30","United Kingdom","England",1,1,"",""
