"Date","Country","Region","Total confirmed cases","New cases","Total deaths","New deaths"
"2020-06-08","United Kingdom","England",155651,11,36244.0,52.0
"2020-06-07","United Kingdom","England",155640,81,36192.0,65.0
"2020-06-06","United Kingdom","England",155559,170,36127.0,179.0
"2020-06-05","United Kingdom","England",155389,352,35948.0,343.0
"2020-06-04","United Kingdom","England",155037,388,35605.0,149.0
"2020-06-03","United Kingdom","England",154649,471,35456.0,328.0
"2020-06-02","United Kingdom","England",154178,480,35128.0,315.0
"2020-06-01","United Kingdom","England",153698,446,34813.0,96.0
"2020-05-31","United Kingdom","England",153252,306,34717.0,81.0
"2020-05-30","United Kingdom","England",152946,344,34636.0,194.0
"2020-05-29","United Kingdom","England",152602,437,34442.0,349.0
"2020-05-28","United Kingdom","England",152165,448,34093.0,384.0
"2020-05-27","United Kingdom","England",151717,547,33709.0,405.0
"2020-05-26","United Kingdom","England",151170,541,33304.0,117.0
"2020-05-25","United Kingdom","England",150629,508,33187.0,104.0
"2020-05-24","United Kingdom","England",150121,385,33083.0,417.0
"2020-05-23","United Kingdom","England",149736,455,32666.0,249.0
"2020-05-22","United Kingdom","England",149281,701,32417.0,300.0
"2020-05-21","United Kingdom","England",148580,747,32117.0,274.0
"2020-05-20","United Kingdom","England",147833,822,31843.0,313.0
"2020-05-19","United Kingdom","England",147011,1025,31530.0,520.0
"2020-05-18","United Kingdom","England",145986,937,31010.0,144.0
"2020-05-17","United Kingdom","England",145049,633,30866.0,113.0
"2020-05-16","United Kingdom","England",144416,636,30753.0,389.0
"2020-05-15","United Kingdom","England",143780,908,30364.0,336.0
"2020-05-14","United Kingdom","England",142872,900,30028.0,355.0
"2020-05-13","United Kingdom","England",141972,1077,29673.0,413.0
"2020-05-12","United Kingdom","England",140895,1097,29260.0,603.0
"2020-05-11","United Kingdom","England",139798,1234,28657.0,190.0
"2020-05-10","United Kingdom","England",138564,726,28467.0,217.0
"2020-05-09","United Kingdom","England",137838,888,28250.0,283.0
"2020-05-08","United Kingdom","England",136950,1016,27967.0,535.0
"2020-05-07","United Kingdom","England",135934,1436,27432.0,424.0
"2020-05-06","United Kingdom","England",134498,1428,27008.0,567.0
"2020-05-05","United Kingdom","England",133070,1592,26441.0,656.0
"2020-05-04","United Kingdom","England",131478,1610,25785.0,257.0
"2020-05-03","United Kingdom","England",129868,961,25528.0,246.0
"2020-05-02","United Kingdom","England",128907,1240,25282.0,519.0
"2020-05-01","United Kingdom","England",127667,1945,24763.0,653.0
"2020-04-30","United Kingdom","England",125722,2122,24110.0,560.0
"2020-04-29","United Kingdom","England",123600,2339,23550.0,632.0
"2020-04-28","United Kingdom","England",121261,2272,22918.0,869.0
"2020-04-27","United Kingdom","England",118989,2221,22049.0,307.0
"2020-04-26","United Kingdom","England",116768,1404,21742.0,343.0
"2020-04-25","United Kingdom","England",115364,1811,21399.0,741.0
"2020-04-24","United Kingdom","England",113553,2767,20658.0,824.0
"2020-04-23","United Kingdom","England",110786,2754,19834.0,603.0
"2020-04-22","United Kingdom","England",108032,2759,19231.0,739.0
"2020-04-21","United Kingdom","England",105273,2987,18492.0,1122.0
"2020-04-20","United Kingdom","England",102286,3077,17370.0,539.0
"2020-04-19","United Kingdom","England",99209,2081,16831.0,384.0
"2020-04-18","United Kingdom","England",97128,2577,16447.0,1011.0
"2020-04-17","United Kingdom","England",94551,3419,15436.0,826.0
"2020-04-16","United Kingdom","England",91132,3436,14610.0,907.0
"2020-04-15","United Kingdom","England",87696,3601,13703.0,732.0
"2020-04-14","United Kingdom","England",84095,3420,12971.0,1010.0
"2020-04-13","United Kingdom","England",80675,3303,11961.0,694.0
"2020-04-12","United Kingdom","England",77372,2683,11267.0,606.0
"2020-04-11","United Kingdom","England",74689,2995,10661.0,745.0
"2020-04-10","United Kingdom","England",71694,3505,9916.0,1038.0
"2020-04-09","United Kingdom","England",68189,4001,8878.0,987.0
"2020-04-08","United Kingdom","England",64188,4222,7891.0,924.0
"2020-04-07","United Kingdom","England",59966,4477,6967.0,1010.0
"2020-04-06","United Kingdom","England",55489,4328,5957.0,532.0
"2020-04-05","United Kingdom","England",51161,3030,5425.0,578.0
"2020-04-04","United Kingdom","England",48131,3318,4847.0,689.0
"2020-04-03","United Kingdom","England",44813,4038,4158.0,655.0
"2020-04-02","United Kingdom","England",40775,4012,3503.0,603.0
"2020-04-01","United Kingdom","England",36763,4082,2900.0,613.0
"2020-03-31","United Kingdom","England",32681,3759,2287.0,368.0
"2020-03-30","United Kingdom","England",28922,3491,1919.0,353.0
"2020-03-29","United Kingdom","England",25431,2435,1566.0,195.0
"2020-03-28","United Kingdom","England",22996,2374,1371.0,279.0
"2020-03-27","United Kingdom","England",20622,2660,1092.0,272.0
"2020-03-26","United Kingdom","England",17962,2609,820.0,169.0
"2020-03-25","United Kingdom","England",15353,2263,651.0,177.0
"2020-03-24","United Kingdom","England",13090,2021,474.0,143.0
"2020-03-23","United Kingdom","England",11069,2017,331.0,67.0
"2020-03-22","United Kingdom","England",9052,1209,264.0,24.0
"2020-03-21","United Kingdom","England",7843,1034,240.0,54.0
"2020-03-20","United Kingdom","England",6809,1082,186.0,32.0
"2020-03-19","United Kingdom","England",5727,931,154.0,42.0
"2020-03-18","United Kingdom","England",4796,909,112.0,33.0
"2020-03-17","United Kingdom","England",3887,680,79.0,15.0
"2020-03-16","United Kingdom","England",3207,546,64.0,22.0
"2020-03-15","United Kingdom","England",2661,397,42.0,14.0
"2020-03-14","United Kingdom","England",2264,317,28.0,18.0
"2020-03-13","United Kingdom","England",1947,392,10.0,1.0
"2020-03-12","United Kingdom","England",1555,413,9.0,2.0
"2020-03-11","United Kingdom","England",1142,354,7.0,0.0
"2020-03-10","United Kingdom","England",788,223,7.0,4.0
"2020-03-09","United Kingdom","England",565,124,3.0,1.0
"2020-03-08","United Kingdom","England",441,50,2.0,0.0
"2020-03-07","United Kingdom","England",391,47,2.0,1.0
"2020-03-06","United Kingdom","England",344,73,1.0,""
"2020-03-05","United Kingdom","England",271,47,"",""
"2020-03-04","United Kingdom","England",224,49,"",""
"2020-03-03","United Kingdom","England",175,51,"",""
"2020-03-02","United Kingdom","England",124,39,"",""
"2020-03-01","United Kingdom","England",85,31,"",""
"2020-02-29","United Kingdom","England",54,4,"",""
"2020-02-28","United Kingdom","England",50,12,"",""
"2020-02-27","United Kingdom","England",38,6,"",""
"2020-02-26","United Kingdom","England",32,3,"",""
"2020-02-25","United Kingdom","England",29,4,"",""
"2020-02-24","United Kingdom","England",25,1,"",""
"2020-02-23","United Kingdom","England",24,4,"",""
"2020-02-21","United Kingdom","England",20,1,"",""
"2020-02-19","United Kingdom","England",19,1,"",""
"2020-02-17","United Kingdom","England",18,1,"",""
"2020-02-14","United Kingdom","England",17,1,"",""
"2020-02-13","United Kingdom","England",16,1,"",""
"2020-02-12","United Kingdom","England",15,1,"",""
"2020-02-11","United Kingdom","England",14,1,"",""
"2020-02-09","United Kingdom","England",13,1,"",""
"2020-02-08","United Kingdom","England",12,3,"",""
"2020-02-05","United Kingdom","England",9,1,"",""
"2020-02-03","United Kingdom","England",8,6,"",""
"2020-01-31","United Kingdom","England",2,1,"",""
"2020-01-30","United Kingdom","England",1,1,"",""
