"Date","Country","Region","Total confirmed cases","New cases","Total deaths","New deaths"
"2020-05-29","United Kingdom","England",151856,29,34010.0,300.0
"2020-05-28","United Kingdom","England",151827,163,33710.0,348.0
"2020-05-27","United Kingdom","England",151664,425,33362.0,383.0
"2020-05-26","United Kingdom","England",151239,525,32979.0,115.0
"2020-05-25","United Kingdom","England",150714,514,32864.0,104.0
"2020-05-24","United Kingdom","England",150200,387,32760.0,94.0
"2020-05-23","United Kingdom","England",149813,455,32666.0,249.0
"2020-05-22","United Kingdom","England",149358,701,32417.0,300.0
"2020-05-21","United Kingdom","England",148657,748,32117.0,274.0
"2020-05-20","United Kingdom","England",147909,823,31843.0,313.0
"2020-05-19","United Kingdom","England",147086,1039,31530.0,520.0
"2020-05-18","United Kingdom","England",146047,947,31010.0,144.0
"2020-05-17","United Kingdom","England",145100,637,30866.0,113.0
"2020-05-16","United Kingdom","England",144463,642,30753.0,389.0
"2020-05-15","United Kingdom","England",143821,911,30364.0,336.0
"2020-05-14","United Kingdom","England",142910,913,30028.0,355.0
"2020-05-13","United Kingdom","England",141997,1079,29673.0,413.0
"2020-05-12","United Kingdom","England",140918,1098,29260.0,603.0
"2020-05-11","United Kingdom","England",139820,1231,28657.0,190.0
"2020-05-10","United Kingdom","England",138589,720,28467.0,217.0
"2020-05-09","United Kingdom","England",137869,893,28250.0,283.0
"2020-05-08","United Kingdom","England",136976,1017,27967.0,535.0
"2020-05-07","United Kingdom","England",135959,1438,27432.0,424.0
"2020-05-06","United Kingdom","England",134521,1427,27008.0,567.0
"2020-05-05","United Kingdom","England",133094,1596,26441.0,656.0
"2020-05-04","United Kingdom","England",131498,1619,25785.0,257.0
"2020-05-03","United Kingdom","England",129879,956,25528.0,246.0
"2020-05-02","United Kingdom","England",128923,1244,25282.0,519.0
"2020-05-01","United Kingdom","England",127679,1956,24763.0,653.0
"2020-04-30","United Kingdom","England",125723,2116,24110.0,560.0
"2020-04-29","United Kingdom","England",123607,2344,23550.0,632.0
"2020-04-28","United Kingdom","England",121263,2278,22918.0,869.0
"2020-04-27","United Kingdom","England",118985,2213,22049.0,307.0
"2020-04-26","United Kingdom","England",116772,1392,21742.0,343.0
"2020-04-25","United Kingdom","England",115380,1809,21399.0,741.0
"2020-04-24","United Kingdom","England",113571,2760,20658.0,824.0
"2020-04-23","United Kingdom","England",110811,2746,19834.0,603.0
"2020-04-22","United Kingdom","England",108065,2755,19231.0,739.0
"2020-04-21","United Kingdom","England",105310,2984,18492.0,1122.0
"2020-04-20","United Kingdom","England",102326,3068,17370.0,539.0
"2020-04-19","United Kingdom","England",99258,2080,16831.0,384.0
"2020-04-18","United Kingdom","England",97178,2571,16447.0,1011.0
"2020-04-17","United Kingdom","England",94607,3418,15436.0,826.0
"2020-04-16","United Kingdom","England",91189,3429,14610.0,907.0
"2020-04-15","United Kingdom","England",87760,3608,13703.0,732.0
"2020-04-14","United Kingdom","England",84152,3412,12971.0,1010.0
"2020-04-13","United Kingdom","England",80740,3317,11961.0,694.0
"2020-04-12","United Kingdom","England",77423,2686,11267.0,606.0
"2020-04-11","United Kingdom","England",74737,2995,10661.0,745.0
"2020-04-10","United Kingdom","England",71742,3504,9916.0,1038.0
"2020-04-09","United Kingdom","England",68238,4015,8878.0,987.0
"2020-04-08","United Kingdom","England",64223,4241,7891.0,924.0
"2020-04-07","United Kingdom","England",59982,4494,6967.0,1010.0
"2020-04-06","United Kingdom","England",55488,4327,5957.0,532.0
"2020-04-05","United Kingdom","England",51161,3030,5425.0,578.0
"2020-04-04","United Kingdom","England",48131,3322,4847.0,689.0
"2020-04-03","United Kingdom","England",44809,4036,4158.0,655.0
"2020-04-02","United Kingdom","England",40773,4009,3503.0,603.0
"2020-04-01","United Kingdom","England",36764,4088,2900.0,613.0
"2020-03-31","United Kingdom","England",32676,3757,2287.0,368.0
"2020-03-30","United Kingdom","England",28919,3490,1919.0,353.0
"2020-03-29","United Kingdom","England",25429,2434,1566.0,195.0
"2020-03-28","United Kingdom","England",22995,2370,1371.0,279.0
"2020-03-27","United Kingdom","England",20625,2656,1092.0,272.0
"2020-03-26","United Kingdom","England",17969,2610,820.0,169.0
"2020-03-25","United Kingdom","England",15359,2262,651.0,177.0
"2020-03-24","United Kingdom","England",13097,2017,474.0,143.0
"2020-03-23","United Kingdom","England",11080,2015,331.0,67.0
"2020-03-22","United Kingdom","England",9065,1207,264.0,24.0
"2020-03-21","United Kingdom","England",7858,1034,240.0,54.0
"2020-03-20","United Kingdom","England",6824,1080,186.0,32.0
"2020-03-19","United Kingdom","England",5744,930,154.0,42.0
"2020-03-18","United Kingdom","England",4814,910,112.0,33.0
"2020-03-17","United Kingdom","England",3904,679,79.0,15.0
"2020-03-16","United Kingdom","England",3225,546,64.0,22.0
"2020-03-15","United Kingdom","England",2679,397,42.0,14.0
"2020-03-14","United Kingdom","England",2282,315,28.0,18.0
"2020-03-13","United Kingdom","England",1967,390,10.0,1.0
"2020-03-12","United Kingdom","England",1577,420,9.0,2.0
"2020-03-11","United Kingdom","England",1157,365,7.0,0.0
"2020-03-10","United Kingdom","England",792,225,7.0,4.0
"2020-03-09","United Kingdom","England",567,125,3.0,1.0
"2020-03-08","United Kingdom","England",442,50,2.0,0.0
"2020-03-07","United Kingdom","England",392,47,2.0,1.0
"2020-03-06","United Kingdom","England",345,73,1.0,""
"2020-03-05","United Kingdom","England",272,47,"",""
"2020-03-04","United Kingdom","England",225,49,"",""
"2020-03-03","United Kingdom","England",176,52,"",""
"2020-03-02","United Kingdom","England",124,39,"",""
"2020-03-01","United Kingdom","England",85,31,"",""
"2020-02-29","United Kingdom","England",54,4,"",""
"2020-02-28","United Kingdom","England",50,12,"",""
"2020-02-27","United Kingdom","England",38,6,"",""
"2020-02-26","United Kingdom","England",32,3,"",""
"2020-02-25","United Kingdom","England",29,4,"",""
"2020-02-24","United Kingdom","England",25,1,"",""
"2020-02-23","United Kingdom","England",24,4,"",""
"2020-02-21","United Kingdom","England",20,1,"",""
"2020-02-19","United Kingdom","England",19,1,"",""
"2020-02-17","United Kingdom","England",18,1,"",""
"2020-02-14","United Kingdom","England",17,1,"",""
"2020-02-13","United Kingdom","England",16,1,"",""
"2020-02-12","United Kingdom","England",15,1,"",""
"2020-02-11","United Kingdom","England",14,1,"",""
"2020-02-09","United Kingdom","England",13,1,"",""
"2020-02-08","United Kingdom","England",12,3,"",""
"2020-02-05","United Kingdom","England",9,1,"",""
"2020-02-03","United Kingdom","England",8,6,"",""
"2020-01-31","United Kingdom","England",2,1,"",""
"2020-01-30","United Kingdom","England",1,1,"",""
